TRAIN 

               1      2           3           4           5           6   \
count  251.000000  251.0  251.000000  251.000000  251.000000  251.000000   
mean     0.916335    0.0    0.631106    0.077204    0.573289    0.134640   
std      0.277438    0.0    0.466790    0.395980    0.509504    0.432396   
min      0.000000    0.0   -1.000000   -1.000000   -1.000000   -1.000000   
25%      1.000000    0.0    0.440970   -0.027240    0.387915   -0.019535   
50%      1.000000    0.0    0.847100    0.022540    0.737390    0.016590   
75%      1.000000    0.0    0.956315    0.257760    0.961735    0.352875   
max      1.000000    0.0    1.000000    1.000000    1.000000    1.000000   

               7           8           9           10     ...              25  \
count  251.000000  251.000000  251.000000  251.000000     ...      251.000000   
mean     0.504110    0.172477    0.464763    0.223780     ...        0.356512   
std      0.475914    0.492405    0.493887    0.456767     ...        0.563355   
min     -1.000000   -1.000000   -1.000000   -1.000000     ...       -1.000000   
25%      0.185505   -0.017975    0.039145   -0.017145     ...        0.000000   
50%      0.646150    0.019540    0.625000    0.023940     ...        0.450080   
75%      0.884930    0.517820    0.889685    0.648935     ...        0.861040   
max      1.000000    1.000000    1.000000    1.000000     ...        1.000000   

               26          27          28          29          30          31  \
count  251.000000  251.000000  251.000000  251.000000  251.000000  251.000000   
mean    -0.071437    0.507930   -0.085457    0.411730   -0.015704    0.341772   
std      0.439479    0.528151    0.492172    0.515226    0.435446    0.567635   
min     -1.000000   -1.000000   -1.000000   -1.000000   -1.000000   -1.000000   
25%     -0.258025    0.192695   -0.265715    0.000000   -0.169180    0.000000   
50%     -0.012530    0.675380   -0.014750    0.524140    0.000000    0.431000   
75%      0.083680    0.965715    0.089590    0.887700    0.093180    0.852930   
max      1.000000    1.000000    1.000000    1.000000    1.000000    1.000000   

               32          33          34  
count  251.000000  251.000000  251.000000  
mean    -0.011778    0.336090    0.026370  
std      0.460209    0.499673    0.388671  
min     -1.000000   -1.000000   -1.000000  
25%     -0.198020    0.000000   -0.099885  
50%      0.000000    0.373790    0.000000  
75%      0.136495    0.786000    0.103825  
max      1.000000    1.000000    1.000000  

Rozkład próby (%): 0.6932270916334662
Zero rule :0.3067729083665338
True Positives: 174
True Negatives: 21
False Positives: 56
False Negatives: 0
Dokładność: 0.7768924302788844
Czułość: 1.0
Swoistość: 0.2727272727272727


DEV-0 

Rozkład próby (%): 0.52
zero rule: 0.48
True Positives: 25
True Negatives: 8
False Positives: 16
False Negatives: 1
Dokładność:  0.66
Czułość: 0.9615384615384616
Swoistość: 0.3333333333333333

